# SOCS Golden Data Information
# Generated by generate_golden.py

krnSizeX: 9
krnSizeY: 9
nk: 8
Nx: 4
Ny: 4
Lx: 512
Ly: 512

# Eigenvalues (scales)
scales: [1.000000, 0.900000, 0.800000, 0.700000, 0.600000, 0.500000, 0.400000, 0.300000]

# File sizes
mskf: 262144 elements (complex float32)
krn: 81 elements each (complex float32)
image: 262144 elements (float32)
